1 1
1 2
1 3
1 5
1 7
1 8
1 10
1 11
1 12
2 1























































































































































































2 2
2 3
2 4
2 7
2 8
2 9
2 10
2 12
2 13
3 1
3 2
3 3
3 4
3 5
3 7
3 8
3 9
3 10
3 12
3 13
3 14
4 2
4 3
4 4
4 7
4 8
4 9
4 10
4 12
4 13
4 14
5 1
5 3
5 5
5 7
5 8
5 10
5 11
5 12
6 6
6 11
7 1
7 2
7 3
7 4
7 5
7 7
7 8
7 10
7 12
7 13
8 1
8 2
8 3
8 4
8 5
8 7
8 8
8 10
8 11
8 12
8 13
9 2
9 3
9 4
9 9
9 13
9 14
10 1
10 2
10 3
10 4
10 5
10 7
10 8
10 10
10 12
10 13
11 1
11 5
11 6
11 8
11 11
12 1
12 2
12 3
12 4
12 5
12 7
12 8
12 10
12 12
12 13
13 2
13 3
13 4
13 7
13 8
13 9
13 10
13 12
13 13
14 3
14 4
14 9
14 14
15 15
